,Alfa,Beta,Delt,Epsl,Eta1,Gamm,Ihu1,Iot2,Iota,Kapp,Mt02,Mt06,Mt07,Mt09,Mt10,Mt13,Mt14,Omi1,Omi5,SPWT,Zeta
Alfa,1.0,0.94571,0.94651,0.98173,1.0,0.98178,0.97529,0.9818,0.93331,0.96617,1.0,0.78262,0.78196,0.77774,0.78343,0.96617,0.7793,0.99568,0.98067,0.93331,0.93331
Beta,0.94571,1.0,0.9535,0.93361,0.94488,0.9336,0.93094,0.93364,0.91757,0.95559,0.94488,0.77941,0.7795,0.77443,0.77906,0.95559,0.77506,0.94283,0.9306,0.91757,0.91757
Delt,0.94651,0.9535,1.0,0.93419,0.94568,0.93429,0.93234,0.93432,0.91211,0.96412,0.94568,0.77213,0.77196,0.77622,0.77191,0.96412,0.77515,0.94404,0.93185,0.91211,0.91211
Epsl,0.98173,0.93361,0.93419,1.0,0.97913,0.99952,0.99049,0.99956,0.92915,0.94971,0.97913,0.77591,0.77565,0.7712,0.77639,0.94971,0.77292,0.97685,0.99598,0.92915,0.92915
Eta1,1.0,0.94488,0.94568,0.97913,1.0,0.98178,0.97529,0.9818,0.93331,0.96617,1.0,0.78262,0.78196,0.77774,0.78343,0.96617,0.7793,0.99568,0.98067,0.93331,0.93331
Gamm,0.98178,0.9336,0.93429,0.99952,0.98178,1.0,0.98961,0.99861,0.92878,0.94892,0.97833,0.77571,0.77585,0.77106,0.77615,0.94892,0.77274,0.97612,0.99587,0.92878,0.92878
Ihu1,0.97529,0.93094,0.93234,0.99049,0.97529,0.98961,1.0,0.99853,0.93307,0.95469,0.98049,0.7768,0.7769,0.77211,0.77729,0.95469,0.77333,0.9795,0.99515,0.93307,0.93307
Iot2,0.9818,0.93364,0.93432,0.99956,0.9818,0.99861,0.99853,1.0,0.92933,0.94979,0.97921,0.77612,0.77622,0.77148,0.77694,0.94979,0.77306,0.97707,0.99602,0.92933,0.92933
Iota,0.93331,0.91757,0.91211,0.92915,0.93331,0.92878,0.93307,0.92933,1.0,0.92051,0.93012,0.75493,0.75551,0.75482,0.75767,0.92051,0.75483,0.92695,0.92752,1.0,1.0
Kapp,0.96617,0.95559,0.96412,0.94971,0.96617,0.94892,0.95469,0.94979,0.92051,1.0,0.96276,0.77304,0.77305,0.77031,0.77408,1.0,0.77071,0.96044,0.94628,0.92051,0.92051
Mt02,1.0,0.94488,0.94568,0.97913,1.0,0.97833,0.98049,0.97921,0.93012,0.96276,1.0,0.78262,0.78196,0.77774,0.78343,0.96617,0.7793,0.99568,0.98067,0.93331,0.93331
Mt06,0.78262,0.77941,0.77213,0.77591,0.78262,0.77571,0.7768,0.77612,0.75493,0.77304,0.78262,1.0,0.99987,0.9809,0.98452,0.76531,0.98642,0.76972,0.76589,0.74743,0.74743
Mt07,0.78196,0.7795,0.77196,0.77565,0.78196,0.77585,0.7769,0.77622,0.75551,0.77305,0.78196,0.99987,1.0,0.98068,0.98442,0.76532,0.98609,0.76985,0.76613,0.748,0.748
Mt09,0.77774,0.77443,0.77622,0.7712,0.77774,0.77106,0.77211,0.77148,0.75482,0.77031,0.77774,0.9809,0.98068,1.0,0.98638,0.7645,0.99712,0.76786,0.7628,0.74918,0.74918
Mt10,0.78343,0.77906,0.77191,0.77639,0.78343,0.77615,0.77729,0.77694,0.75767,0.77408,0.78343,0.98452,0.98442,0.98638,1.0,0.76825,0.9836,0.77243,0.76798,0.75201,0.75201
Mt13,0.96617,0.95559,0.96412,0.94971,0.96617,0.94892,0.95469,0.94979,0.92051,1.0,0.96617,0.76531,0.76532,0.7645,0.76825,1.0,0.77071,0.96044,0.94628,0.92051,0.92051
Mt14,0.7793,0.77506,0.77515,0.77292,0.7793,0.77274,0.77333,0.77306,0.75483,0.77071,0.7793,0.98642,0.98609,0.99712,0.9836,0.77071,1.0,0.76726,0.763,0.74733,0.74733
Omi1,0.99568,0.94283,0.94404,0.97685,0.99568,0.97612,0.9795,0.97707,0.92695,0.96044,0.99568,0.76972,0.76985,0.76786,0.77243,0.96044,0.76726,1.0,0.98042,0.93252,0.93252
Omi5,0.98067,0.9306,0.93185,0.99598,0.98067,0.99587,0.99515,0.99602,0.92752,0.94628,0.98067,0.76589,0.76613,0.7628,0.76798,0.94628,0.763,0.98042,1.0,0.9299,0.9299
SPWT,0.93331,0.91757,0.91211,0.92915,0.93331,0.92878,0.93307,0.92933,1.0,0.92051,0.93331,0.74743,0.748,0.74918,0.75201,0.92051,0.74733,0.93252,0.9299,1.0,1.0
Zeta,0.93331,0.91757,0.91211,0.92915,0.93331,0.92878,0.93307,0.92933,1.0,0.92051,0.93331,0.74743,0.748,0.74918,0.75201,0.92051,0.74733,0.93252,0.9299,1.0,1.0
